32
223
243
257
260
262
281
282
284
285
286
288
295
299
305
307
314
317
318
322
330
331
336
337
351
369
372
374
395
399
433
735
750
1410
1723
1757
1772
1775
1778
1783
1800
1806
1852
2047
2244
2708
2883
3142
3447
3448
3637
3640
3648
3652
3655
3658
4017
4019
4021
4176
4837
4924
5082
5095
5110
5114
5128
5130
5139
5148
5152
5153
5197
5201
5220
5225
5386
5411
5413
5450
5476
5570
5848
54847
63135
74780
74831
74832
74842
75091
75136
76744
77324
77616
80078
80832
81235
81575
82961
88942
125227
164352
165378
